1.0,1,1
1.0,2,2
1.0,3,3
1.0,4,4
1.0,5,5
1.0,6,6
1.0,7,7
1.0,8,8
1.0,9,9
1.0,10,10
1.0,11,11
1.0,12,12
1.0,13,13
1.0,14,14
1.0,15,15
0.9375,15,16
0.9411764705882353,16,17
0.9444444444444444,17,18
0.9473684210526315,18,19
0.95,19,20
0.9523809523809523,20,21
0.9545454545454546,21,22
0.9565217391304348,22,23
0.9166666666666666,22,24
0.92,23,25
0.9230769230769231,24,26
0.9259259259259259,25,27
0.9285714285714286,26,28
0.896551724137931,26,29
0.8666666666666667,26,30
0.8709677419354839,27,31
0.875,28,32
0.8787878787878788,29,33
0.8823529411764706,30,34
0.8857142857142857,31,35
0.8888888888888888,32,36
0.8648648648648649,32,37
0.8421052631578947,32,38
0.8205128205128205,32,39
0.825,33,40
0.8048780487804879,33,41
0.7857142857142857,33,42
0.7674418604651163,33,43
0.7727272727272727,34,44
0.7555555555555555,34,45
0.7608695652173914,35,46
0.7659574468085106,36,47
0.7708333333333334,37,48
0.7551020408163265,37,49
0.76,38,50
0.7647058823529411,39,51
0.7692307692307693,40,52
0.7735849056603774,41,53
0.7592592592592593,41,54
0.7636363636363637,42,55
0.7678571428571429,43,56
0.7719298245614035,44,57
0.7758620689655172,45,58
0.7796610169491526,46,59
0.7833333333333333,47,60
0.7868852459016393,48,61
0.7903225806451613,49,62
0.7936507936507936,50,63
0.796875,51,64
0.8,52,65
0.803030303030303,53,66
0.8059701492537313,54,67
0.7941176470588235,54,68
0.7971014492753623,55,69
0.8,56,70
0.8028169014084507,57,71
0.8055555555555556,58,72
0.8082191780821918,59,73
0.8108108108108109,60,74
0.8133333333333334,61,75
0.8157894736842105,62,76
0.8181818181818182,63,77
0.8205128205128205,64,78
0.8227848101265823,65,79
0.825,66,80
0.8148148148148148,66,81
0.8170731707317073,67,82
0.8192771084337349,68,83
0.8214285714285714,69,84
0.8235294117647058,70,85
0.8255813953488372,71,86
0.8275862068965517,72,87
0.8295454545454546,73,88
0.8314606741573034,74,89
0.8333333333333334,75,90
0.8351648351648352,76,91
0.8369565217391305,77,92
0.8387096774193549,78,93
0.8404255319148937,79,94
0.8421052631578947,80,95
0.84375,81,96
0.845360824742268,82,97
0.8469387755102041,83,98
0.8484848484848485,84,99
0.85,85,100
0.8514851485148515,86,101
0.8529411764705882,87,102
0.8543689320388349,88,103
0.8557692307692307,89,104
0.8571428571428571,90,105
0.8584905660377359,91,106
0.8598130841121495,92,107
0.8518518518518519,92,108
0.8532110091743119,93,109
0.8545454545454545,94,110
0.8558558558558559,95,111
0.8571428571428571,96,112
0.8584070796460177,97,113
0.8508771929824561,97,114
0.8521739130434782,98,115
0.853448275862069,99,116
0.8547008547008547,100,117
0.8559322033898306,101,118
0.8571428571428571,102,119
0.8583333333333333,103,120
0.859504132231405,104,121
0.860655737704918,105,122
0.8617886178861789,106,123
0.8548387096774194,106,124
0.856,107,125
0.8571428571428571,108,126
0.8582677165354331,109,127
0.859375,110,128
0.8604651162790697,111,129
0.8538461538461538,111,130
0.8549618320610687,112,131
0.8560606060606061,113,132
0.8571428571428571,114,133
0.8582089552238806,115,134
0.8592592592592593,116,135
0.8602941176470589,117,136
0.8613138686131386,118,137
0.8623188405797102,119,138
0.8561151079136691,119,139
0.8571428571428571,120,140
0.8581560283687943,121,141
0.8591549295774648,122,142
0.8531468531468531,122,143
0.8541666666666666,123,144
0.8551724137931035,124,145
0.8561643835616438,125,146
0.8571428571428571,126,147
0.8581081081081081,127,148
0.8590604026845637,128,149
0.86,129,150
0.8609271523178808,130,151
0.8618421052631579,131,152
0.8627450980392157,132,153
0.8636363636363636,133,154
0.864516129032258,134,155
0.8653846153846154,135,156
0.8662420382165605,136,157
0.8670886075949367,137,158
0.8679245283018868,138,159
0.8625,138,160
0.8633540372670807,139,161
0.8641975308641975,140,162
0.8650306748466258,141,163
0.8658536585365854,142,164
0.8666666666666667,143,165
0.8674698795180723,144,166
0.8682634730538922,145,167
0.8690476190476191,146,168
0.8698224852071006,147,169
0.8705882352941177,148,170
0.8713450292397661,149,171
0.872093023255814,150,172
0.8728323699421965,151,173
0.8735632183908046,152,174
0.8742857142857143,153,175
0.875,154,176
0.8757062146892656,155,177
0.8764044943820225,156,178
0.8715083798882681,156,179
0.8722222222222222,157,180
0.8729281767955801,158,181
0.8736263736263736,159,182
0.8743169398907104,160,183
0.875,161,184
0.8702702702702703,161,185
0.8655913978494624,161,186
0.8663101604278075,162,187
0.8670212765957447,163,188
0.8624338624338624,163,189
0.8578947368421053,163,190
0.8586387434554974,164,191
0.859375,165,192
0.8601036269430051,166,193
0.8608247422680413,167,194
0.8615384615384616,168,195
0.8622448979591837,169,196
0.8578680203045685,169,197
0.8585858585858586,170,198
0.8592964824120602,171,199
0.86,172,200
0.8606965174129353,173,201
0.8613861386138614,174,202
0.8571428571428571,174,203
0.8578431372549019,175,204
0.8536585365853658,175,205
0.8543689320388349,176,206
0.855072463768116,177,207
0.8557692307692307,178,208
0.8564593301435407,179,209
0.8571428571428571,180,210
0.8530805687203792,180,211
0.8490566037735849,180,212
0.8497652582159625,181,213
0.8457943925233645,181,214
0.8465116279069768,182,215
0.8472222222222222,183,216
0.847926267281106,184,217
0.8486238532110092,185,218
0.8493150684931506,186,219
0.85,187,220
0.8506787330316742,188,221
0.8513513513513513,189,222
0.852017937219731,190,223
0.8526785714285714,191,224
0.8533333333333334,192,225
0.8539823008849557,193,226
0.8502202643171806,193,227
0.8508771929824561,194,228
0.851528384279476,195,229
0.8478260869565217,195,230
0.8441558441558441,195,231
0.8448275862068966,196,232
0.8454935622317596,197,233
0.8461538461538461,198,234
0.8468085106382979,199,235
0.847457627118644,200,236
0.8481012658227848,201,237
0.8487394957983193,202,238
0.8493723849372385,203,239
0.85,204,240
0.8506224066390041,205,241
0.8512396694214877,206,242
0.8518518518518519,207,243
0.8524590163934426,208,244
0.8530612244897959,209,245
0.8495934959349594,209,246
0.8502024291497976,210,247
0.8508064516129032,211,248
0.8473895582329317,211,249
0.848,212,250
0.848605577689243,213,251
0.8492063492063492,214,252
0.849802371541502,215,253
0.8464566929133859,215,254
0.8470588235294118,216,255
0.84765625,217,256
0.8482490272373541,218,257
0.8488372093023255,219,258
0.8455598455598455,219,259
0.8461538461538461,220,260
0.8467432950191571,221,261
0.8473282442748091,222,262
0.8479087452471483,223,263
0.8484848484848485,224,264
0.8490566037735849,225,265
0.849624060150376,226,266
0.850187265917603,227,267
0.8507462686567164,228,268
0.8513011152416357,229,269
0.8518518518518519,230,270
0.8523985239852399,231,271
0.8529411764705882,232,272
0.8534798534798534,233,273
0.8540145985401459,234,274
0.8545454545454545,235,275
0.855072463768116,236,276
0.855595667870036,237,277
0.8561151079136691,238,278
0.8530465949820788,238,279
0.85,238,280
0.8505338078291815,239,281
0.8475177304964538,239,282
0.8480565371024735,240,283
0.8450704225352113,240,284
0.8421052631578947,240,285
0.8426573426573427,241,286
0.8432055749128919,242,287
0.84375,243,288
0.8442906574394463,244,289
0.8448275862068966,245,290
0.845360824742268,246,291
0.8424657534246576,246,292
0.8395904436860068,246,293
0.8401360544217688,247,294
0.8406779661016949,248,295
0.8412162162162162,249,296
0.8417508417508418,250,297
0.8422818791946308,251,298
0.842809364548495,252,299
0.8433333333333334,253,300
0.8438538205980066,254,301
0.8443708609271523,255,302
0.8448844884488449,256,303
0.8453947368421053,257,304
0.8459016393442623,258,305
0.8464052287581699,259,306
0.8469055374592834,260,307
0.8441558441558441,260,308
0.8446601941747572,261,309
0.8451612903225807,262,310
0.8456591639871383,263,311
0.8461538461538461,264,312
0.8466453674121406,265,313
0.8471337579617835,266,314
0.8476190476190476,267,315
0.8481012658227848,268,316
0.8485804416403786,269,317
0.8490566037735849,270,318
0.8495297805642633,271,319
0.85,272,320
0.8504672897196262,273,321
0.8509316770186336,274,322
0.8513931888544891,275,323
0.8518518518518519,276,324
0.8523076923076923,277,325
0.8496932515337423,277,326
0.8501529051987767,278,327
0.850609756097561,279,328
0.8480243161094225,279,329
0.8484848484848485,280,330
0.8459214501510574,280,331
0.8463855421686747,281,332
0.8468468468468469,282,333
0.8473053892215568,283,334
0.8477611940298507,284,335
0.8482142857142857,285,336
0.8486646884272997,286,337
0.849112426035503,287,338
0.8495575221238938,288,339
0.85,289,340
0.8475073313782991,289,341
0.847953216374269,290,342
0.8483965014577259,291,343
0.8488372093023255,292,344
0.8492753623188406,293,345
0.8497109826589595,294,346
0.8501440922190202,295,347
0.8505747126436781,296,348
0.8510028653295129,297,349
0.8514285714285714,298,350
0.8518518518518519,299,351
0.8522727272727273,300,352
0.8526912181303116,301,353
0.8531073446327684,302,354
0.8535211267605634,303,355
0.8539325842696629,304,356
0.8543417366946778,305,357
0.8547486033519553,306,358
0.8551532033426184,307,359
0.8555555555555555,308,360
0.8559556786703602,309,361
0.856353591160221,310,362
0.8567493112947658,311,363
0.8543956043956044,311,364
0.8547945205479452,312,365
0.855191256830601,313,366
0.8555858310626703,314,367
0.8559782608695652,315,368
0.8563685636856369,316,369
0.8567567567567568,317,370
0.8571428571428571,318,371
0.8575268817204301,319,372
0.8579088471849866,320,373
0.8582887700534759,321,374
0.8586666666666667,322,375
0.8590425531914894,323,376
0.8594164456233422,324,377
0.8597883597883598,325,378
0.8601583113456465,326,379
0.8605263157894737,327,380
0.8608923884514436,328,381
0.8612565445026178,329,382
0.8590078328981723,329,383
0.859375,330,384
0.8597402597402597,331,385
0.8601036269430051,332,386
0.8604651162790697,333,387
0.8608247422680413,334,388
0.8611825192802056,335,389
0.8615384615384616,336,390
0.8618925831202046,337,391
0.8622448979591837,338,392
0.8625954198473282,339,393
0.8629441624365483,340,394
0.8632911392405064,341,395
0.8611111111111112,341,396
0.8614609571788413,342,397
0.8618090452261307,343,398
0.8621553884711779,344,399
0.8625,345,400
0.8628428927680798,346,401
0.8631840796019901,347,402
0.8635235732009926,348,403
0.8638613861386139,349,404
0.8617283950617284,349,405
0.8620689655172413,350,406
0.8624078624078624,351,407
0.8627450980392157,352,408
0.863080684596577,353,409
0.8634146341463415,354,410
0.8637469586374696,355,411
0.8640776699029126,356,412
0.864406779661017,357,413
0.8647342995169082,358,414
0.8650602409638555,359,415
0.8653846153846154,360,416
0.8657074340527577,361,417
0.8660287081339713,362,418
0.8663484486873508,363,419
0.8666666666666667,364,420
0.8669833729216152,365,421
0.8672985781990521,366,422
0.8676122931442081,367,423
0.8679245283018868,368,424
0.8682352941176471,369,425
0.8685446009389671,370,426
0.8688524590163934,371,427
0.8691588785046729,372,428
0.8694638694638694,373,429
0.8697674418604651,374,430
0.8677494199535963,374,431
0.8680555555555556,375,432
0.8683602771362586,376,433
0.868663594470046,377,434
0.8689655172413793,378,435
0.8692660550458715,379,436
0.8695652173913043,380,437
0.8698630136986302,381,438
0.8701594533029613,382,439
0.8704545454545455,383,440
0.8707482993197279,384,441
0.8710407239819005,385,442
0.871331828442438,386,443
0.8716216216216216,387,444
0.8719101123595505,388,445
0.8721973094170403,389,446
0.87248322147651,390,447
0.8727678571428571,391,448
0.8708240534521158,391,449
0.8711111111111111,392,450
0.8713968957871396,393,451
0.8716814159292036,394,452
0.8719646799116998,395,453
0.8722466960352423,396,454
0.8725274725274725,397,455
0.8728070175438597,398,456
0.8730853391684902,399,457
0.8733624454148472,400,458
0.8736383442265795,401,459
0.8739130434782608,402,460
0.8741865509761388,403,461
0.8744588744588745,404,462
0.8747300215982722,405,463
0.875,406,464
0.8731182795698925,406,465
0.871244635193133,406,466
0.8715203426124197,407,467
0.8717948717948718,408,468
0.8720682302771855,409,469
0.8723404255319149,410,470
0.8726114649681529,411,471
0.8728813559322034,412,472
0.8731501057082452,413,473
0.8734177215189873,414,474
0.8736842105263158,415,475
0.8739495798319328,416,476
0.8721174004192872,416,477
0.8702928870292888,416,478
0.8705636743215032,417,479
0.8708333333333333,418,480
0.8711018711018711,419,481
0.8713692946058091,420,482
0.8716356107660456,421,483
0.871900826446281,422,484
0.8701030927835052,422,485
0.8703703703703703,423,486
0.8706365503080082,424,487
0.8709016393442623,425,488
0.8711656441717791,426,489
0.8714285714285714,427,490
0.869653767820774,427,491
0.8699186991869918,428,492
0.8701825557809331,429,493
0.8704453441295547,430,494
0.8707070707070707,431,495
0.8709677419354839,432,496
0.869215291750503,432,497
0.8674698795180723,432,498
0.8677354709418837,433,499
0.868,434,500
0.8682634730538922,435,501
0.8685258964143426,436,502
0.8687872763419483,437,503
0.8690476190476191,438,504
0.8693069306930693,439,505
0.8695652173913043,440,506
0.8698224852071006,441,507
0.8700787401574803,442,508
0.8703339882121808,443,509
0.8705882352941177,444,510
0.8708414872798435,445,511
0.87109375,446,512
0.8713450292397661,447,513
0.8715953307392996,448,514
0.8718446601941747,449,515
0.872093023255814,450,516
0.8723404255319149,451,517
0.8725868725868726,452,518
0.8728323699421965,453,519
0.8730769230769231,454,520
0.8733205374280231,455,521
0.8716475095785441,455,522
0.8718929254302104,456,523
0.8721374045801527,457,524
0.8723809523809524,458,525
0.8726235741444867,459,526
0.872865275142315,460,527
0.8731060606060606,461,528
0.8733459357277883,462,529
0.8735849056603774,463,530
0.8738229755178908,464,531
0.8740601503759399,465,532
0.874296435272045,466,533
0.8745318352059925,467,534
0.874766355140187,468,535
0.8731343283582089,468,536
0.8733705772811918,469,537
0.8736059479553904,470,538
0.8738404452690167,471,539
0.8740740740740741,472,540
0.8724584103512015,472,541
0.8708487084870848,472,542
0.8710865561694291,473,543
0.8694852941176471,473,544
0.8697247706422019,474,545
0.86996336996337,475,546
0.870201096892139,476,547
0.8704379562043796,477,548
0.8706739526411658,478,549
0.8709090909090909,479,550
0.8711433756805808,480,551
0.8713768115942029,481,552
0.8698010849909584,481,553
0.8700361010830325,482,554
0.8702702702702703,483,555
0.8705035971223022,484,556
0.8707360861759426,485,557
0.8709677419354839,486,558
0.8711985688729875,487,559
0.8714285714285714,488,560
0.8716577540106952,489,561
0.8701067615658363,489,562
0.8703374777975134,490,563
0.8705673758865248,491,564
0.8690265486725663,491,565
0.8692579505300353,492,566
0.8677248677248677,492,567
0.8679577464788732,493,568
0.8681898066783831,494,569
0.8666666666666667,494,570
0.8669001751313485,495,571
0.8671328671328671,496,572
0.8673647469458988,497,573
0.867595818815331,498,574
0.8678260869565217,499,575
0.8680555555555556,500,576
0.8682842287694974,501,577
0.8685121107266436,502,578
0.8687392055267703,503,579
0.8689655172413793,504,580
0.8691910499139415,505,581
0.8694158075601375,506,582
0.869639794168096,507,583
0.8698630136986302,508,584
0.8700854700854701,509,585
0.8703071672354948,510,586
0.8705281090289608,511,587
0.8690476190476191,511,588
0.8692699490662139,512,589
0.8694915254237288,513,590
0.8697123519458545,514,591
0.8699324324324325,515,592
0.8701517706576728,516,593
0.8703703703703703,517,594
0.8705882352941177,518,595
0.8708053691275168,519,596
0.8710217755443886,520,597
0.8712374581939799,521,598
0.8714524207011686,522,599
0.8716666666666667,523,600
0.8718801996672213,524,601
0.872093023255814,525,602
0.8723051409618574,526,603
0.8725165562913907,527,604
0.8727272727272727,528,605
0.8729372937293729,529,606
0.8731466227347611,530,607
0.8733552631578947,531,608
0.8735632183908046,532,609
0.8737704918032787,533,610
0.8739770867430442,534,611
0.8741830065359477,535,612
0.8743882544861338,536,613
0.8745928338762216,537,614
0.8747967479674796,538,615
0.8733766233766234,538,616
0.873581847649919,539,617
0.8737864077669902,540,618
0.8739903069466882,541,619
0.8741935483870967,542,620
0.8743961352657005,543,621
0.8745980707395499,544,622
0.8731942215088283,544,623
0.8733974358974359,545,624
0.8736,546,625
0.8738019169329073,547,626
0.8740031897926634,548,627
0.8742038216560509,549,628
0.8744038155802861,550,629
0.8746031746031746,551,630
0.8748019017432647,552,631
0.875,553,632
0.8751974723538705,554,633
0.8753943217665615,555,634
0.8755905511811024,556,635
0.8757861635220126,557,636
0.8759811616954474,558,637
0.8761755485893417,559,638
0.8763693270735524,560,639
0.875,560,640
0.875195007800312,561,641
0.8753894080996885,562,642
0.8755832037325039,563,643
0.8757763975155279,564,644
0.875968992248062,565,645
0.8761609907120743,566,646
0.8763523956723338,567,647
0.8765432098765432,568,648
0.8767334360554699,569,649
0.8769230769230769,570,650
0.8771121351766513,571,651
0.8773006134969326,572,652
0.877488514548239,573,653
0.8776758409785933,574,654
0.8778625954198473,575,655
0.8780487804878049,576,656
0.878234398782344,577,657
0.878419452887538,578,658
0.8786039453717754,579,659
0.8787878787878788,580,660
0.8789712556732224,581,661
0.879154078549849,582,662
0.8793363499245852,583,663
0.8795180722891566,584,664
0.8796992481203008,585,665
0.8798798798798799,586,666
0.8800599700149925,587,667
0.8802395209580839,588,668
0.8804185351270553,589,669
0.8805970149253731,590,670
0.8807749627421758,591,671
0.8794642857142857,591,672
0.8781575037147102,591,673
0.8783382789317508,592,674
0.8785185185185185,593,675
0.878698224852071,594,676
0.8788774002954209,595,677
0.8790560471976401,596,678
0.8792341678939617,597,679
0.8794117647058823,598,680
0.8795888399412628,599,681
0.8797653958944281,600,682
0.8799414348462665,601,683
0.8801169590643275,602,684
0.8802919708029197,603,685
0.880466472303207,604,686
0.8806404657933042,605,687
0.8808139534883721,606,688
0.8809869375907112,607,689
0.881159420289855,608,690
0.8798842257597684,608,691
0.880057803468208,609,692
0.8802308802308803,610,693
0.8804034582132565,611,694
0.8805755395683453,612,695
0.8793103448275862,612,696
0.8780487804878049,612,697
0.8782234957020058,613,698
0.8783977110157367,614,699
0.8785714285714286,615,700
0.8787446504992867,616,701
0.8789173789173789,617,702
0.8790896159317212,618,703
0.8792613636363636,619,704
0.8794326241134752,620,705
0.8796033994334278,621,706
0.8797736916548797,622,707
0.8799435028248588,623,708
0.8801128349788434,624,709
0.8802816901408451,625,710
0.8804500703234881,626,711
0.8806179775280899,627,712
0.8807854137447405,628,713
0.8809523809523809,629,714
0.8811188811188811,630,715
0.8812849162011173,631,716
0.8814504881450488,632,717
0.8816155988857939,633,718
0.8817802503477051,634,719
0.8819444444444444,635,720
0.8807212205270458,635,721
0.8808864265927978,636,722
0.8810511756569848,637,723
0.8812154696132597,638,724
0.8813793103448276,639,725
0.8815426997245179,640,726
0.8817056396148556,641,727
0.8804945054945055,641,728
0.8806584362139918,642,729
0.8794520547945206,642,730
0.8796169630642955,643,731
0.8797814207650273,644,732
0.8799454297407913,645,733
0.8801089918256131,646,734
0.8802721088435375,647,735
0.8804347826086957,648,736
0.8792401628222524,648,737
0.8794037940379403,649,738
0.8795669824086604,650,739
0.8797297297297297,651,740
0.8798920377867746,652,741
0.8800539083557951,653,742
0.8802153432032301,654,743
0.8803763440860215,655,744
0.8805369127516779,656,745
0.8806970509383378,657,746
0.8808567603748326,658,747
0.8810160427807486,659,748
0.8811748998664887,660,749
0.8813333333333333,661,750
0.881491344873502,662,751
0.8816489361702128,663,752
0.8818061088977424,664,753
0.8819628647214854,665,754
0.8807947019867549,665,755
0.8809523809523809,666,756
0.8811096433289299,667,757
0.8812664907651715,668,758
0.8801054018445322,668,759
0.8802631578947369,669,760
0.8804204993429697,670,761
0.8792650918635171,670,762
0.8794233289646134,671,763
0.8795811518324608,672,764
0.8797385620915033,673,765
0.8798955613577023,674,766
0.8800521512385919,675,767
0.8802083333333334,676,768
0.8803641092327699,677,769
0.8805194805194805,678,770
0.880674448767834,679,771
0.8795336787564767,679,772
0.8796895213454075,680,773
0.8798449612403101,681,774
0.88,682,775
0.8801546391752577,683,776
0.8803088803088803,684,777
0.8804627249357326,685,778
0.8806161745827985,686,779
0.8807692307692307,687,780
0.8809218950064021,688,781
0.881074168797954,689,782
0.879948914431673,689,783
0.8801020408163265,690,784
0.8802547770700637,691,785
0.8791348600508906,691,786
0.8792884371029225,692,787
0.8794416243654822,693,788
0.8795944233206591,694,789
0.879746835443038,695,790
0.8798988621997471,696,791
0.8800505050505051,697,792
0.880201765447667,698,793
0.8790931989924433,698,794
0.879245283018868,699,795
0.8793969849246231,700,796
0.8795483061480552,701,797
0.8796992481203008,702,798
0.8798498122653317,703,799
0.88,704,800
0.8801498127340824,705,801
0.8802992518703242,706,802
0.8804483188044832,707,803
0.8805970149253731,708,804
0.8807453416149068,709,805
0.8808933002481389,710,806
0.8810408921933085,711,807
0.8811881188118812,712,808
0.8800988875154512,712,809
0.8802469135802469,713,810
0.8803945745992602,714,811
0.8805418719211823,715,812
0.8806888068880688,716,813
0.8796068796068796,716,814
0.8797546012269939,717,815
0.8786764705882353,717,816
0.8788249694002448,718,817
0.8789731051344744,719,818
0.8778998778998779,719,819
0.8768292682926829,719,820
0.876979293544458,720,821
0.8771289537712895,721,822
0.8772782503037667,722,823
0.8774271844660194,723,824
0.8775757575757576,724,825
0.8777239709443099,725,826
0.8778718258766627,726,827
0.8780193236714976,727,828
0.8781664656212304,728,829
0.8783132530120482,729,830
0.8784596871239471,730,831
0.8786057692307693,731,832
0.8787515006002401,732,833
0.8776978417266187,732,834
0.8778443113772455,733,835
0.8779904306220095,734,836
0.8781362007168458,735,837
0.8782816229116945,736,838
0.8772348033373063,736,839
0.8773809523809524,737,840
0.8775267538644471,738,841
0.8776722090261283,739,842
0.8778173190984578,740,843
0.8779620853080569,741,844
0.8781065088757396,742,845
0.8782505910165485,743,846
0.8783943329397875,744,847
0.8785377358490566,745,848
0.8775029446407538,745,849
0.8776470588235294,746,850
0.8777908343125734,747,851
0.8779342723004695,748,852
0.8780773739742087,749,853
0.8782201405152225,750,854
0.8783625730994152,751,855
0.8785046728971962,752,856
0.8786464410735122,753,857
0.8787878787878788,754,858
0.8777648428405123,754,859
0.877906976744186,755,860
0.8780487804878049,756,861
0.8781902552204176,757,862
0.8783314020857474,758,863
0.8784722222222222,759,864
0.8786127167630058,760,865
0.8787528868360277,761,866
0.8788927335640139,762,867
0.8790322580645161,763,868
0.8791714614499425,764,869
0.8793103448275862,765,870
0.8794489092996556,766,871
0.8784403669724771,766,872
0.8785796105383734,767,873
0.8775743707093822,767,874
0.8777142857142857,768,875
0.8778538812785388,769,876
0.8768529076396807,769,877
0.876993166287016,770,878
0.8771331058020477,771,879
0.8761363636363636,771,880
0.8762769580022701,772,881
0.8752834467120182,772,882
0.8754246885617214,773,883
0.8755656108597285,774,884
0.8757062146892656,775,885
0.8758465011286681,776,886
0.8759864712514093,777,887
0.8761261261261262,778,888
0.876265466816648,779,889
0.8764044943820225,780,890
0.8765432098765432,781,891
0.8766816143497758,782,892
0.8768197088465846,783,893
0.8769574944071589,784,894
0.8759776536312849,784,895
0.8761160714285714,785,896
0.8762541806020067,786,897
0.876391982182628,787,898
0.8765294771968855,788,899
0.8766666666666667,789,900
0.876803551609323,790,901
0.876940133037694,791,902
0.8770764119601329,792,903
0.8772123893805309,793,904
0.8773480662983425,794,905
0.8774834437086093,795,906
0.87651598676957,795,907
0.8766519823788547,796,908
0.8767876787678768,797,909
0.8769230769230769,798,910
0.8770581778265643,799,911
0.8771929824561403,800,912
0.8773274917853231,801,913
0.8774617067833698,802,914
0.8775956284153006,803,915
0.8777292576419214,804,916
0.8778625954198473,805,917
0.8779956427015251,806,918
0.8781284004352558,807,919
0.8771739130434782,807,920
0.8773072747014115,808,921
0.8763557483731019,808,922
0.8764897074756229,809,923
0.8766233766233766,810,924
0.8767567567567568,811,925
0.8768898488120951,812,926
0.8770226537216829,813,927
0.8771551724137931,814,928
0.8772874058127018,815,929
0.8774193548387097,816,930
0.8775510204081632,817,931
0.8776824034334764,818,932
0.8778135048231511,819,933
0.8779443254817987,820,934
0.8770053475935828,820,935
0.8771367521367521,821,936
0.8772678762006404,822,937
0.8763326226012793,822,938
0.8753993610223643,822,939
0.875531914893617,823,940
0.8756641870350691,824,941
0.8757961783439491,825,942
0.8759278897136797,826,943
0.875,826,944
0.8751322751322751,827,945
0.8742071881606766,827,946
0.8743400211193242,828,947
0.8744725738396625,829,948
0.8746048472075869,830,949
